1. intro
00 00 00 00 00 00 00 00 00 00 00 00 00 00 00 00
02 00 01 00 00 00 00 00 00 00 00 00 00 00 00 00
00 00 00 00 00 00 00 00 40 00 10 00 00 00 00 00

2. penguin
00 00 00 00 00 00 00 00 00 00 01 00 00 00 00 00
02 00 00 00 00 00 00 00 00 00 00 00 00 00 00 00
00 00 00 00 00 00 00 00 40 00 10 10 00 00 00 00

3. kuwanger
00 00 00 00 00 00 00 00 00 00 01 00 00 00 00 00
02 00 00 00 00 00 00 00 00 00 00 00 00 00 00 00
00 00 00 00 00 00 40 00 40 08 10 10 00 00 00 00

4. eagle
00 00 00 00 00 00 00 00 00 00 01 00 00 00 00 00
02 00 00 00 00 00 00 00 00 00 00 00 00 00 00 00
00 00 00 00 40 00 40 00 40 08 12 10 20 00 00 00

5. mammoth
00 00 00 00 00 00 00 00 00 00 01 00 00 00 00 00
02 00 00 80 00 00 00 00 00 00 00 00 00 00 00 00
40 00 00 00 40 00 40 00 40 19 14 10 24 00 00 00

6. spark
00 00 00 00 00 00 00 00 00 00 01 00 00 00 00 00
02 00 00 80 80 00 00 00 00 00 00 00 00 00 40 00
40 00 00 00 40 00 40 00 40 9B 16 10 34 00 00 00

7. armadillo
00 00 00 00 00 00 00 00 00 00 01 00 00 00 00 00
02 00 00 80 80 80 00 00 00 00 00 00 00 00 40 00
40 00 40 00 40 00 40 00 40 DB 18 10 74 00 00 00

8. octo
00 00 00 00 00 00 00 00 00 00 01 00 00 00 01 00
02 00 00 80 80 80 00 00 00 00 00 00 40 00 40 00
40 00 40 00 40 00 40 00 40 DB 1A 10 76 00 00 00

9. chameleon
00 00 00 00 00 00 00 00 00 00 01 00 00 00 01 00
02 00 00 80 80 80 00 00 40 00 00 00 40 00 40 00
40 00 40 00 40 00 40 00 40 DB 1C 10 F6 00 00 00

10. penguin 2 (heart)
00 00 00 00 00 00 00 00 00 00 01 00 40 00 01 00
03 00 00 80 80 80 00 00 40 00 40 00 40 00 40 00
40 00 40 00 40 00 40 00 40 DF 1E 10 FE 00 00 00

11. armadillo 2 (hadouken)
00 00 00 00 00 00 00 00 00 00 01 00 40 00 01 00
03 00 00 80 80 80 00 00 40 00 40 00 40 00 40 00
40 00 40 00 40 00 40 00 40 DF 20 10 FF 00 00 00

12. sigma 1
00 00 00 00 00 00 00 00 00 00 01 00 40 00 85 00
00 00 00 80 80 80 80 00 40 00 40 00 40 00 40 00
40 00 40 00 40 00 40 00 40 FF 20 10 FF 00 00 00

13. sigma 2
00 00 00 00 00 00 00 00 00 00 01 01 40 00 85 00
00 00 00 80 80 80 80 00 40 00 40 00 40 00 40 00
40 00 40 00 40 00 40 00 40 FF 20 10 FF 00 00 00

14. sigma 3
00 00 00 00 00 00 00 00 00 00 01 02 40 00 85 00
00 00 00 80 80 80 80 00 40 00 40 00 40 00 40 00
40 00 40 00 40 00 40 00 40 FF 20 10 FF 00 00 00

15. sigma 4
00 00 00 00 00 00 00 00 00 00 01 03 40 00 85 00
00 00 00 80 80 80 80 00 40 00 40 00 40 00 40 00
40 00 40 00 40 00 40 00 40 FF 20 10 FF 00 00 00
